1.559810607e9
1.418211807e9
1.383839106e9
1.534547706e9
1.400134805e9
1.494123106e9
1.350241706e9
1.374354305e9
1.528677305e9
1.580205905e9
2.055991106e9
1.456295505e9
1.550778704e9
1.3955189e9
1.444362101e9
1.504671601e9
1.482963101e9
1.349218101e9
1.388960302e9
1.430392103e9
1.485790504e9
1.488570803e9
1.426440203e9
1.72112401e9
1.786258218e9
1.821768319e9
1.740742718e9
2.18471732e9
1.680120506e9
1.628809806e9
1.627178506e9
1.463373105e9
1.480310006e9
1.424449208e9
1.56641501e9
1.497365209e9
1.503808409e9
1.476599609e9
1.849055518e9
1.442747382e9
1.410385482e9
1.445844582e9
1.359002483e9
1.489043982e9
1.287546286e9
1.172460988e9
1.299169386e9
1.425838385e9
1.501689084e9
1.465805684e9
1.380542186e9
1.456543185e9
1.370472186e9
1.271425487e9
1.393569786e9
1.415154885e9
1.529496474e9
1.405101476e9
1.410539176e9
1.531226274e9
1.479834175e9
1.456964579e9
1.600003181e9
1.366958383e9
1.543826481e9
1.435783283e9
1.493700885e9
1.450757795e9
1.342720395e9
1.433075194e9
1.462254695e9
1.522341494e9
1.378776364e9
1.545238497e9
1.453352792e9