1.2950091992e10
1.577236167e9
1.526598674e9
1.624827672e9
1.544012573e9
1.470518575e9
1.563087315e9
1.722215399e9
1.479338355e9
1.660939513e9
1.601498327e9
1.535784272e9
1.575243785e9
1.49266148e9
1.608175387e9
1.649898589e9
1.598128108e9
1.553054672e9
1.448815798e9
1.488300216e9
1.525046815e9
1.480143788e9
1.603598344e9
1.53965773e9
1.561861435e9
1.58066834e9
1.501200025e9
1.570459956e9
1.523125145e9
1.656422775e9
1.729978891e9
1.57814955e9
1.510308899e9
1.638959333e9
1.552426937e9
1.608691134e9
1.571244002e9
1.573975175e9
1.518965183e9
1.672106061e9
1.565710223e9
1.567081429e9
1.503362492e9
1.607584627e9
1.633224834e9
1.746144544e9
1.556925161e9
1.603975591e9
1.705624997e9
1.622340791e9
1.539730587e9
1.757998492e9
1.477470569e9
1.591631875e9
1.628654277e9
1.582300274e9
1.549755666e9
1.509731457e9
1.811577868e9
1.473681655e9
1.662636162e9
1.674659139e9
1.581861667e9
1.587558766e9
1.605846962e9
1.7249948e9
1.667298085e9
1.570391046e9
1.771793326e9
1.663689536e9
2.413812168e9
1.689978397e9
2.192879716e9
1.859548338e9
1.787393172e9
1.748520732e9
1.743753241e9
1.726821658e9
1.62964916e9
1.65154617e9
2.762712626e9
2.396131676e9
2.22519333e9