6.117526747e9
5.789441057e9
6.298574298e9
6.161433243e9
5.97253898e9
6.020424598e9
6.141404087e9
5.682396259e9
6.362108213e9
5.996979543e9
6.328660263e9
5.977468897e9
6.135553045e9
6.133926945e9
5.8104163e9
6.135132936e9
6.140231585e9
6.007841869e9
6.062077608e9
6.388572268e9
6.111657331e9
6.231694504e9
6.254565322e9
6.105301228e9
6.550397452e9
6.189966027e9
6.244243033e9
6.430165174e9
6.469459e9
6.138033483e9
6.29239688e9
5.848010515e9
6.78995723e9
6.676058615e9
6.276825675e9
6.404596981e9
6.22169797e9
6.240538069e9
6.553805255e9
6.469083913e9
7.243290687e9
6.550995647e9
6.171994059e9
6.449279672e9
6.439156667e9
6.478738608e9
6.877931109e9
7.388138731e9
6.490059733e9
6.772776635e9
6.48341309e9
6.912877203e9
6.364116314e9
6.731953348e9
7.08932564e9
6.486659601e9
6.507970935e9
6.652985487e9
6.392100643e9
6.552439373e9
6.270256811e9
6.780951764e9
6.133661555e9
6.269375979e9
6.322812455e9
6.228942302e9
6.387915031e9
6.939048538e9
7.206904194e9
7.064608955e9
6.700847221e9
6.595914579e9
6.760846072e9
6.538769545e9
6.499240879e9
6.626636305e9
6.368139419e9
6.228385499e9
6.041692552e9
6.32306036e9
6.553570198e9
5.92179405e9
6.591149461e9
6.125609156e9
6.162894752e9
6.001065243e9
6.538310927e9
7.360395268e9
7.923876366e9
7.038632081e9
6.608061135e9
7.259847833e9
6.47276198e9
7.556044934e9
5.763589496e9
5.74121642e9
6.345974351e9
5.841735551e9
5.736762959e9
6.50385294e9
6.077754226e9
6.572109139e9
5.928330199e9
6.449198196e9
6.17009972e9
6.290672364e9
6.431739937e9
6.157660162e9
6.471575818e9
5.841718479e9
6.282076648e9
6.003049405e9
5.772468274e9
5.955912248e9
6.160177906e9
6.401664177e9
6.396478707e9
6.306055033e9
5.986940107e9
6.122536855e9
6.450071447e9
5.811021066e9
6.308705847e9
6.312884229e9
5.936517358e9
5.963975387e9
6.105611792e9
5.879023963e9
6.266699674e9
6.171357227e9
6.588761632e9
5.981826549e9
5.817161933e9
5.837160198e9
5.803476503e9
5.621158425e9
5.820834133e9
6.129580585e9
5.956559184e9
6.336307182e9
6.152497339e9
6.069638228e9
6.076022922e9
6.221610619e9
6.40715901e9
6.018102202e9
6.128693372e9
5.751007746e9
7.040786402e9
6.337736229e9
5.924335006e9
6.399526347e9
7.526849611e9
6.264591602e9
6.138011629e9
6.237614919e9
5.685005636e9
6.372910241e9
5.847192048e9
6.367607644e9
6.473823045e9
6.482180053e9
6.537553747e9
6.020889536e9
6.249569824e9
6.071264161e9
6.441028795e9
6.528868348e9
6.489447888e9
6.320265306e9
6.518944088e9
6.281750325e9
6.635651073e9
6.479471929e9
6.359918214e9
6.737346579e9
6.430193087e9
6.466202633e9
6.14794465e9
5.999279065e9
6.811645049e9
6.172951631e9
6.085770538e9
6.20370801e9
6.677849984e9
6.842878238e9
6.627131306e9
6.61871369e9
7.172388845e9
6.435166544e9