1.6158837921e10
2.462126188e9
2.329972294e9
2.328516392e9
2.50847073e9
2.733975642e9
2.654243227e9
2.684400714e9
2.636603012e9
2.68086199e9
2.604285582e9
2.618509686e9
2.9166989e9
2.557464501e9
2.560119302e9
2.776834258e9
2.5924042e9
2.403986957e9
2.622000244e9
2.823372126e9
2.68344079e9
2.795213666e9
2.719371966e9
2.690781665e9
2.893109048e9
2.835842243e9
2.481055337e9
2.455268821e9
2.765434423e9
2.728770222e9
2.600402993e9
2.729993293e9
2.72016429e9
2.593834265e9
2.547007966e9
2.461109766e9
2.561828612e9
2.521159711e9
2.640056112e9
2.435957818e9
2.517381319e9
2.64199882e9
2.478069725e9
2.520828659e9
2.580817665e9
2.519759982e9
2.557987633e9
2.487470332e9
2.533001195e9
2.632361466e9
2.465187487e9
2.588174664e9