True    131.29479836674102      110.12003386518037      143.96793171582928
Est     138.27416427574832      416.80674684193554      99.47116581442393
True    149.59024037056415      134.8721425500823       107.58311504791466
Est     176.01809071705995      506.4823199814189       88.9916026401223
True    127.19164852619741      123.31622610321074      101.89477951391231
Est     195.80665409863997      694.7468441319642       99.45516643631666
True    125.71567703275417      129.88667785481542      103.69342926384324
Est     179.82570519057498      638.6114770258656       96.20220540096017
True    134.9974416758515       114.79023662115146      129.05816917851467
Est     180.2479897569606       586.9699827010113       109.45889912657262
True    127.23217376437006      100.36351476179487      104.62537499281216
Est     176.26162606334492      540.9631828864027       92.92740177638315
True    147.49720786091422      131.72720324251367      134.9667456214334
Est     159.8856774725963       466.36638949479516      101.17544648726299
True    102.22269240901879      144.15568098071083      113.55152198197959
Est     95.10044537045485       288.6459184577133       83.62755220261931
True    144.8591673816964       103.66751387364057      102.36652091090515
Est     193.4049484034152       614.5204537419958       83.1067311379545
True    115.34045248271869      123.80628788772202      101.52931966254955
Est     135.08752594182135      434.8827855963103       83.18936936638816
True    134.6176930862103       111.58128071956497      119.62118359001184
Est     169.0965187789882       512.129562377969        98.80570619507088
True    112.32128811986648      123.66927604189112      146.74317440703248
Est     100.66279942682549      232.66961256544823      107.39470523750127
True    137.13775272131198      108.09961787126848      137.3648054563249
Est     179.26827462342686      584.4279276859057       110.43196543295929
True    107.49104547674095      133.69962713914003      116.72590028465555
Est     147.49369156318156      570.1922528229248       106.1411554940759
True    111.02135163404135      129.5214770430515       140.7302541083622
Est     140.18731253835549      515.3074391628699       118.14026615391496
True    147.16132241427988      126.7678144169894       146.2871286792098
Est     181.0878101023129       598.6978442049655       113.88497585769169
True    144.94054176854755      123.84420177023708      124.31201967181852
Est     183.4713374236715       591.4097468142947       101.11464028779228
True    134.3339788258625       110.18968107885185      111.64268286172397
Est     204.9784083538613       711.3913515947727       102.85400780866807
True    102.92953986717492      105.35917357804931      147.75909210276575
Est     111.81397961374627      369.2250822627797       107.00787002171737
True    146.27788007805265      131.07353318979403      123.94588756932994
Est     161.506145433822        467.27984460062476      95.37991164465005
True    134.58147166212547      110.98329069529086      148.94808100181967
Est     149.54017568037668      483.5309708452582       103.56918157655899
True    133.3448657916974       115.61819286066967      120.2880722498599
Est     179.31087596773378      574.9766079914741       104.6511779408066
True    102.11495145061411      142.4055638529795       140.14887029026693
Est     96.07034495803002       307.86035202580166      99.55420606566045
True    146.63105408705303      125.12507684211914      127.72978024949099
Est     168.8749991159202       511.196940146886        98.01437518518516
True    122.64446348988237      140.22613108788352      145.5618925295618
Est     100.1163745814424       225.78610304011636      100.12845846436484
True    101.92564386693766      143.11943321971768      140.31352026827585
Est     95.71399717269003       309.29342006157935      100.15800438053165
True    117.99081324731384      114.59772746301645      103.19729126057248
Est     175.80984405733147      641.5888938603791       93.82817361629294
True    102.51515086939317      130.05234381155697      116.30147301199509
Est     95.03731885815044       286.0310105694901       82.0108510066014
True    145.53743560728594      135.72861402312168      121.81577359872989
Est     168.55537881206814      507.3015901418234       97.6846244429397
True    143.81826338852073      118.37250089431446      131.5070848861295
Est     177.06770537392546      560.1660014716638       103.50066662839572
True    113.00250672496792      116.29398829418945      132.4846080013795
Est     146.58579015420568      511.6471963122164       112.02937515901998
True    143.75218628010165      128.9855729357412       110.91617688070264
Est     161.35074954245547      487.4878524552153       84.70877990723031
True    137.34031151315452      142.89665345087886      126.89091327419818
Est     151.27280643607023      454.3023886946252       100.70613778113746
True    129.95399779632243      147.71759134552516      142.4396412103621
Est     145.2438917547598       442.7922982028293       117.4146910208725
True    106.06276751892274      138.28147088409344      123.77676961371468
Est     130.0633023922055       470.9484913652085       106.88906159897672
True    127.5062704845501       130.52890841489625      104.06403527141853
Est     174.9750455300537       576.554154101602        96.91503582001864
True    118.57425998029126      121.3681514583605       147.67287283593066
Est     126.89253131091267      395.5464837662473       109.58468538398522
True    115.39730984344766      105.22420859036654      109.89566057671234
Est     147.06570090982197      481.9308697523869       90.73314541923465
True    140.17830045900175      128.21055691538453      141.2789394617264
Est     159.84352863472608      478.56655844643467      110.45037992071147
True    142.6389864111219       130.7241438697912       111.31315418155305
Est     197.4063523577192       697.5322209910189       95.9189801706221
True    127.59501096536748      141.56799502740523      101.0876269563536
Est     174.37697456116442      604.864670084366        93.54873524800968
True    137.86155495933372      102.3395598410731       120.32612961854358
Est     147.3137358569346       385.2656045831695       87.80208613351711
True    145.6200722525292       148.91874013672492      146.87483939216577
Est     172.4428411055122       559.3252452756545       119.15499473785783
True    142.21944937286221      107.79817388696958      116.21335379485669
Est     172.09019261308748      515.2997950461221       90.19395370863253
True    134.52634549272733      128.83996403872217      101.6457410306715
Est     190.30177584156954      652.9995337380893       92.76107458628427
True    142.20469218248206      147.63501379616034      130.6807423808066
Est     162.17916281509738      518.2485807188261       103.59035805452474
True    122.28679852316985      102.13545454571448      136.00946999423678
Est     143.30929264035086      448.6518175855529       102.04232381228758
True    129.22622992341792      132.69881026753512      109.12100678605348
Est     190.5175200020545       673.8432953809496       104.57098001023957
True    116.36711389312623      126.05410524050788      140.04049009167238
Est     142.42856125125772      491.0107269691028       114.95297255233581
True    101.52977744630087      113.14705420476606      109.67055584513855
Est     98.53188193840262       256.0470865033453       82.05082999693174
True    116.73131799645935      139.14146711230623      116.61043918509708
Est     155.08341310306997      578.2535586146204       103.22804466135872
True    143.58861907989316      136.55048042487735      113.47014203717913
Est     147.0231455498686       412.8674147544056       84.17408807965789