True    112.81103573779002      145.65164591356472      106.40681079588899
Est     90.91838429241717       124.42675124374898      88.98943091622931
True    112.36119105794636      149.0617365420397       127.25471220948567
Est     101.89885144132774      127.45421746830097      129.15306743427269
True    111.05341762950816      123.8108917130505       146.10272266771034
Est     81.90510532804204       85.72450057514563       122.28116590999568
True    107.27337813031423      111.52758711027873      149.27758794865088
Est     126.36600261470925      114.95591227311334      181.46871780689844
True    135.1301670729484       142.37313202743528      136.16704236868358
Est     138.1562228502791       175.51757577655172      154.38168936751774
True    102.5761982868656       146.47887857631872      128.32935005932046
Est     78.50005245415679       112.47495758605898      103.68526754625245
True    111.04971623971488      145.7845809509789       114.9072604460947
Est     81.50592594611865       110.04440047222377      94.02769852429915
True    113.57889907439927      105.47857241808991      144.16031702206482
Est     104.77108634873349      99.88000520429664       134.46869313060753
True    111.89777483320727      126.33771103965185      121.26755544981339
Est     92.63097764203215       107.50928838220511      103.06413916905191
True    149.61176819601866      101.68630394415406      148.81501050524474
Est     159.41115561338097      95.88993236284179       162.95587054819336
True    114.48252577812319      143.06171752573323      114.7271923406834
Est     106.62927204935329      133.2012920238335       115.93077163590904
True    116.5030177015646       131.83855498319414      141.6814165238453
Est     113.49537324166755      126.72995753975047      144.85534188669274
True    122.62624182418864      136.5530413628125       137.941397864007
Est     131.66189669877338      152.34391261743167      144.34343930008652
True    116.94362305958488      110.94143918479382      105.8772540938696
Est     138.23808764920486      130.14050998893924      127.58048067645773