True    129.797902550152        121.15989823003396      127.07467106330711
Est     154.54641510388765      466.5402968357219       100.76241240061009
True    124.90907337736999      107.02115089377482      136.75306148259648
Est     143.21368708562588      439.4596130503975       99.44622443889502
True    104.99603853257034      131.81818787295592      123.411886280391
Est     145.40854042098488      535.6891924166858       113.8077584358609
True    100.39103031991478      108.31252245542032      115.20848442076053
Est     118.00293861236894      401.33985382673427      88.46880742134891
True    101.10152953172198      136.06440822868143      136.9918830928085
Est     107.08409427608156      380.24188877862224      100.90303345869599
True    100.20997069131347      118.40584425586428      149.04381439184027
Est     106.40490994537902      358.94510919352444      106.9332246670391
True    132.4438601846652       124.84237865246746      104.5912785959698
Est     187.5541796146204       632.6626482562942       93.45798596547775
True    140.48461337364043      112.2979338739282       130.3289654364038
Est     184.53446261168676      595.5759438844507       103.91150226468989
True    146.2402853735153       112.95497704580409      145.00480517343607
Est     178.03004679826 532.8978187604221       109.93275966487
True    111.30352550531822      107.85377534563979      131.79718117009503
Est     135.49598313746293      432.75168364860053      104.0154139609562
True    107.91466561911389      100.99269569906993      143.984113909402
Est     123.05094141086568      420.45085178627 100.31759273896313
True    145.12238583972942      131.8394297352532       131.64026652671274
Est     179.23793879888177      568.9853541994884       104.84981560329847
True    131.36936170698914      132.6900217746034       126.26554421077255
Est     182.26096232196412      633.8174912875944       111.31233280631295
True    131.95201631223685      102.48253537421597      120.22116128761651
Est     168.71804873363084      502.19025150630836      96.46213724682957
True    121.83161676992972      128.16532047178396      102.3937973929202
Est     156.38905815645148      549.6565229372198       84.03615743716044