True    140.84527724593988      143.6444348238765       131.49916540657753
Est     184.83219425787598      195.86710714966344      158.5867200196322
True    109.15845678065352      146.1023965971474       129.1694133856391
Est     107.94073931330357      145.83886910165788      126.22207128169055
True    120.11996009887619      111.68647441114297      116.70687235289651
Est     79.59690851808263       76.76820090155674       81.33171347902253
True    113.75996045315533      140.91771532374304      117.5967549219421
Est     95.38620049165982       142.1300493611753       106.2498514311834
True    123.1003220863409       139.96463611625887      133.9831757769565
Est     90.10497057075487       106.48705202925099      101.55515353065533
True    147.17123044152058      112.08467070271526      101.06971621996513
Est     139.9948573158992       109.0010810695876       103.53471249454202
True    122.3606345356375       130.5476040735407       140.20670288657075
Est     140.38476682901592      133.79897186749147      145.88664077154218
True    103.75691955085145      101.34747509311775      132.71149079397856
Est     105.18355682781596      107.33804474675523      142.3193175770032
True    129.46113311466374      144.94151632320018      141.75985434008658
Est     129.43084475983503      157.3416409167695       145.83456038436253
True    131.12664100228554      104.99753373931972      149.00391293839766
Est     117.29712347011285      90.27196211102074       139.36272541734442
True    106.24153295026323      124.36916274531619      118.95910681128863
Est     139.55555145743446      153.4127873750566       150.6855109379178