True    119.63315790610618      116.66347262059091      135.93205953659853    135.5092919878619
Est     121.10390905637844      121.51598691754941      130.8531750990023     153.99455387477954
True    131.40754252425594      118.00912049766308      100.03715602927107    120.70253090696944
Est     157.60247997754166      133.81701986234583      124.39554681457558    133.6275922980008
True    144.13414968015337      144.0571197672043       143.76288501262883    139.84698340292414
Est     124.95610251374687      123.87921623471604      125.23092276348089    114.14250625235165
True    111.38396695060449      111.08461532957085      110.41739435825903    102.36728491960042
Est     140.669020337847        132.64705762766968      136.52097452036895    120.81012827195123
True    149.9461124075516       135.6230277675876       107.14916143930282    145.4939735040037
Est     158.0314947340835       129.71094378109277      118.23859054086606    132.43456400601912
True    137.34704345291598      115.56282614709814      130.2024153569367     119.35693808390403
Est     144.5015698088315       108.53119497468704      235.80792785192128    87.78826324356457
True    135.3644258527868       141.56822269208436      128.04824673408805    130.31231616892242
Est     139.84610588783315      132.17229333934955      133.42883335298094    126.67121562105741
True    149.73228834872148      117.04912708232088      108.61233648892656    105.21246107286139
Est     167.96957827174737      113.94674802469764      253.28623928979047    70.48032663667561
True    103.99491750790807      139.3486761061468       126.22882897782243    138.90915564943643
Est     133.14954563443396      193.06575563487084      61.75638074493769     366.65462022098046
True    103.21623886232486      134.07193625682123      131.59901471840976    132.94264022804538
Est     108.18556314205513      143.86563749035895      156.80498572472084    127.31048843006769
True    119.91683798588686      121.13420022554632      123.87574072439739    110.93658104718538
Est     128.56618763954404      135.55127089145168      108.09506538262622    132.14122754462443
True    125.91229996987433      122.00347602508054      123.7672750266964     142.1532860047662
Est     97.97845728941518       98.33758579474568       157.70552926587138    89.17765670551354
True    127.5256999260562       111.30645461008494      144.90640988962068    118.9842020735362
Est     102.94530477725866      93.60739961949294       133.56537509543418    96.96734865002823