True    120.42215202018768      100.39877691761922      112.26069913226438   109.82953712659645
Est     104.75232747660034      96.99818710045761       107.48076723327316    97.3541490159761
True    102.15269814945087      126.14818598951744      140.43388457501257    110.93664165507948
Est     109.4802255650691       142.3108714861768       91.41353827110329     154.2985533276644
True    114.97533656710108      109.41015692958268      130.9393566582238     113.00480332334364
Est     94.65971773602573       85.87487712015502       161.2367144727989     79.85780833410995
True    110.82559547615251      122.08297592023408      147.90710442241988    134.4931512223935
Est     97.13156918097272       116.03145542842427      216.40471642669942    96.89646709585605
True    140.86126820578295      109.76943942135408      114.14923748166252    142.80766041123513
Est     106.68416667711541      77.70110711085088       158.57975555322886    70.67709660619174
True    111.13772991371454      132.42788379148925      137.00999498824348    109.13926369162162
Est     119.91105663525168      171.5752374298607       80.34912968828336     184.09558156546228
True    144.9713867686551       100.69085908619574      122.63456653681234    124.05390376297568
Est     205.43176885367797      125.81829705274147      216.18065503206708    123.98473252549522
True    108.1905623954653       119.33527498135791      117.32674333728093    136.66728571016768
Est     113.45301619568245      130.3720005663325       75.64098268294609     192.6947920791336
True    111.9670733546031       112.3929692418941       142.37758027770312    119.6595111263178
Est     91.45135503581788       99.21572452917326       154.5733905696945     90.247684779639
True    109.88307181614432      143.12603961997266      107.2445164062162     125.30215057050371
Est     79.38825575720134       105.55572103450392      252.91055599975482    54.970578092372094